Accuracy: 0.8269794583320618
Loss: 0.4813539385795593
